96
49
79
67
88
1
46
49
38
79
36
85
25
59
23
93
58
66
27
95
26
5
72
2
6
37
54
34
31
14
93
32
2
99
72
65
49
85
83
31
1
55
78
79
18
74
43
7
49
29
13
8
35
43
14
64
8
42
73
30
63
85
48
31
93
55
61
76
17
11
73
41
42
34
49
59
36
5
23
59
5
12
49
37
67
29
36
73
22
49
18
9
89
36
94
34
72
1
31
18
24
79
83
79
9
30
41
68
32
72
66
75
47
18
25
75
17
69
4
36
51
46
39
45
45
53
37
93
45
55
76
6
67
26
14
78
6
14
21
33
20
98
4
50
3
88
82
100
8
91
44
16
50
51
62
28
33
51
15
23
89
73
91
1
52
17
26
62
81
30
98
92
8
89
31
64
98
11
5
45
55
95
96
89
98
81
72
61
38
77
5
84
96
80
91
37
81
32
30
96
40
44
91
87
8
6
12
9
16
96
9
93
92
62
35
17
75
39
88
80
46
25
83
65
17
55
23
7
30
56
1
88
54
18
71
69
48
42
57
54
87
56
83
81
100
54
60
8
21
75
8
36
18
35
13
7
0
42
93
93
50
0
17
55
81
36
79
53
64
18
73
66
16
81
81
27
65
37
40
81
13
44
7
16
50
52
57
32
0
66
91
66
98
37
58
8
59
36
48
76


