30
83
13
01
22
5
80
83
72
13
70
29
69
93
67
37
92
00
61
39
60
9
16
6
0
71
98
78
75
58
37
76
6
33
16
09
83
29
27
75
5
99
12
13
52
18
87
1
83
63
57
2
79
87
58
08
2
86
17
74
07
29
82
75
37
99
05
10
51
55
17
85
86
78
83
93
70
9
67
93
9
56
83
71
01
63
70
17
66
83
52
3
23
70
38
78
16
5
75
52
68
13
27
13
3
74
85
02
76
16
00
19
81
52
69
19
51
03
8
70
95
80
73
89
89
97
71
37
89
99
10
0
01
60
58
12
0
58
65
77
64
32
8
94
7
22
26
544
2
35
88
50
94
95
06
62
77
95
59
67
23
17
35
5
96
51
60
06
25
74
32
36
2
23
75
08
32
55
9
89
99
39
30
23
32
25
16
05
72
11
9
28
30
24
35
71
25
76
74
30
84
88
35
21
2
0
56
3
50
30
3
37
36
06
79
51
19
73
22
24
80
69
27
09
51
99
67
1
74
90
5
22
98
52
15
03
82
86
91
98
21
90
27
25
544
98
04
2
65
19
2
70
52
79
57
1
4
86
37
37
94
4
51
99
25
70
13
97
08
52
17
00
50
25
25
61
09
71
84
25
57
88
1
50
94
96
91
76
4
00
35
00
32
71
92
2
93
70
82
10

