98
21
80
25
49
22
10
37
19
50
71
38
25
39
41
9
36
96
74
65
96
81
52
79
22
54
31
55
38
73
6
28
65
63
93
62
54
24
3
49
48
30
72
83
67
73
2
59
94
13
93
65
0
53
0
32
62
93
45
51
76
19
30
11
98
70
50
35
99
70
43
31
98
23
50
59
2
3
6
1
41
95
60
94
5
73
81
3
89
37
9
99
15
19
47
58
42
44
1
86
66
25
51
21
44
56
57
71
39
92
68
88
81
5
47
83
77
50
6
62
25
71
38
95
77
8
65
9
66
31
98
34
82
27
15
96
57
62
100
34
3
54
26
94
9
61
30
33
6
57
86
49
29
62
89
24
9
63
57
50
14
0
56
45
99
98
50
49
36
41
52
3
37
59
86
83
94
51
13
61
35
36
89
38
53
73
27
100
1
12
72
63
7
62
93
40
79
72
87
97
30
13
19
68
83
28
23
45
26
59
92
86
35
74
100
44
23
54
41
20
46
78
26
34
82
71
58
82
99
58
87
47
65
22
2
94
12
60
76
1
50
25
91
69
46
69
21
18
56
91
37
20
92
32
7
58
45
83
97
49
70
35
85
6
37
29
82
90
75
49
100
59
98
51
86
51
6
7
98
92
90
48
17
83
36
78
70
17
73
53
3
29
78
74
46
98
99
27
57
31
